Número óptimo de características : {rfecv.n_features_}Características seleccionadas:
0
1
2
3
4
5
7
8
11
12
13
14
15
16
17
19
21
22
23
25
26
27
29
30
31
32
34
35
39
40
41
42
43
44
45
47
48
50
51
52
55
56
57
58
60
61
64
65
66
67
69
71
72
73
74
75
76
77
78
79
80
82
83
84
85
86
87
88
89
90
93
94
95
97
98
100
102
104
106
107
109
110
111
113
116
117
118
119
120
121
123
124
125
126
127
133
136
137
139
140
142
143
144
145
147
149
150
151
153
154
156
157
158
160
161
163
165
167
169
170
171
172
173
174
175
176
177
180
181
182
183
184
185
186
189
190
191
193
195
196
198
199
200
201
202
204
205
206
207
208
209
213
214
215
219
220
221
224
225
226
227
228
229
230
231
232
233
238
239
